***1
10 10
11
255 0 0 1 3 2 3 1 4 2 4
0 255 0 1 5 1 6 2 6
128 128 255 2 5 3 5 3 6
255 128 128 3 7 3 8 4 8
255 255 128 4 7 5 7 5 8
128 128 0 6 7 7 7 6 8
0 128 128 5 4 5 5 5 6 4 5
0 128 0 6 4 6 5 6 6 7 5
0 255 255 8 5 8 6 7 6
0 0 255 6 2 6 3 5 3
255 128 0 5 1 6 1 5 2
0 0 0 9 1 0 1 9 2 0 2 9 3 0 3 9 4 0 4 9 5 0 5 9 6 0 6 9 7 0 7 9 8 0 8 9 9 0 9 9 0 1 9 1 0 2 9 2 0 3 9 3 0 4 9 4 0 5 9 5 0 6 9 6 0 7 9 7 0 8 9 8 1 1 1 2 2 1 7 1 8 1 8 2 1 7 1 8 2 8 8 7 7 8 8 8 3 4 4 4 4 3
***2
6 6
3
255 0 0 1 1 1 2 2 2
0 255 0 3 2 3 3 4 3 4 4
0 0 255 1 3 2 3
0 0 0 1 0 2 0 3 0 4 0 5 5 0 5 1 5 2 5 3 5 4 5 5 1 0 2 0 3 0 4 0 1 5 2 5 3 5 4 5